Simulation stopped
Init Drawing...
Init Gripper...
Init Vision...
camera_intrinsic:
[[955.40501 0.00000 256.00000]
 [0.00000 955.40501 256.00000]
 [0.00000 0.00000 1.00000]]
distortion_coefficients:
None
camera_world_T:
[[-1.00000 0.00000 -0.00000 0.60000]
 [0.00000 1.00000 0.00000 -0.00000]
 [0.00000 0.00000 -1.00000 1.50000]
 [0.00000 0.00000 0.00000 1.00000]]
camera_extrinsic:
[[1.00000 -0.00000 -0.00000 0.60000]
 [-0.00000 -1.00000 0.00000 -0.00000]
 [-0.00000 -0.00000 -1.00000 1.50000]
 [0.00000 0.00000 0.00000 1.00000]]
Simulation started
========== ID: 3__Color: red ============
---------- Object to camera ------------
---------- r ------------
Estimated:
[3.00322 -0.33314 -1.01202]
Real:
[3.13999 0.01005 -1.04658]
Error:
0.045893907502319205
---------- t ------------
Estimated:
[0.03303 0.20323 1.27427]
Real:
[0.03284 0.20041 1.25037]
Error:
0.00019310553055498054
---------- Object to world ------------
---------- r ------------
Estimated:
[-0.13837 0.33314 1.01202]
Real:
[-0.00161 -0.01005 1.04658]
Error:
0.045893907502322785
---------- t ------------
Estimated:
[0.63303 -0.20323 0.22573]
Real:
[0.63284 -0.20041 0.24963]
Error:
0.00019310553055498805
Target:
[[0.50108 0.86368 -0.05449 0.63303]
 [0.80180 -0.48703 -0.34629 -0.20323]
 [-0.32562 0.12983 -0.93654 0.37573]
 [0.00000 0.00000 0.00000 1.00000]]
rpy
[3.00384 0.33167 1.01223]
Gripper:
{
    "close": null,
    "shape_path": null
}
Controller:
{
    "type": "cart",
    "Kp": "[ 8  8  8 10 10 10]"
}
Trajectory:
{
    "type": "joint",
    "source": "rtb",
    "t": {
        "t0": 0.0,
        "t1": 10.0,
        "Ts": 0.05,
        "t_len": 201
    }
}
Tolerance:
[[0.00500]
 [0.10000]]
End-Effector is close to target 1
Target:
[[0.50108 0.86368 -0.05449 0.63303]
 [0.80180 -0.48703 -0.34629 -0.20323]
 [-0.32562 0.12983 -0.93654 0.22573]
 [0.00000 0.00000 0.00000 1.00000]]
rpy
[3.00384 0.33167 1.01223]
Gripper:
{
    "close": true,
    "shape_path": "./red3"
}
Controller:
{
    "type": "cart",
    "Kp": "[ 8  8  8 10 10 10]"
}
Trajectory:
{
    "type": "cart",
    "source": "rtb",
    "t": {
        "t0": 0.0,
        "t1": 1.0,
        "Ts": 0.05,
        "t_len": 21
    }
}
Tolerance:
[[0.00500]
 [0.10000]]
Target:
[[0.00000 0.00000 -1.00000 -0.50000]
 [1.00000 0.00000 0.00000 -0.60000]
 [0.00000 -1.00000 0.00000 0.75000]
 [0.00000 0.00000 0.00000 1.00000]]
rpy
[-1.57080 -0.00000 1.57080]
Gripper:
{
    "close": false,
    "shape_path": "./red3"
}
Controller:
{
    "type": "cart",
    "Kp": "[ 8  8  8 10 10 10]"
}
Trajectory:
{
    "type": "joint",
    "source": "rtb",
    "t": {
        "t0": 0.0,
        "t1": 10.0,
        "Ts": 0.05,
        "t_len": 201
    }
}
Tolerance:
[[0.00500]
 [0.10000]]
End-Effector is close to target 3
========== ID: 2__Color: blue ============
---------- Object to camera ------------
---------- r ------------
Estimated:
[3.00598 0.09455 2.13926]
Real:
[-3.11743 0.02351 2.16076]
Error:
12.500536717567373
---------- t ------------
Estimated:
[0.04197 -0.00233 1.27065]
Real:
[0.04179 -0.00182 1.24944]
Error:
0.00015008585159161892
---------- Object to world ------------
---------- r ------------
Estimated:
[-0.13561 -0.09455 -2.13926]
Real:
[0.02417 -0.02351 -2.16076]
Error:
0.01034625734159999
---------- t ------------
Estimated:
[0.64197 0.00233 0.22935]
Real:
[0.64179 0.00182 0.25056]
Error:
0.00015008585159161653
Target:
[[-0.53569 -0.82821 -0.16464 0.64197]
 [-0.83896 0.54415 -0.00760 0.00233]
 [0.09588 0.13405 -0.98632 0.37935]
 [0.00000 0.00000 0.00000 1.00000]]
rpy
[3.00651 -0.09603 -2.13906]
Gripper:
{
    "close": null,
    "shape_path": null
}
Controller:
{
    "type": "cart",
    "Kp": "[ 8  8  8 10 10 10]"
}
Trajectory:
{
    "type": "joint",
    "source": "rtb",
    "t": {
        "t0": 0.0,
        "t1": 10.0,
        "Ts": 0.05,
        "t_len": 201
    }
}
Tolerance:
[[0.00500]
 [0.10000]]
End-Effector is close to target 1
Target:
[[-0.53569 -0.82821 -0.16464 0.64197]
 [-0.83896 0.54415 -0.00760 0.00233]
 [0.09588 0.13405 -0.98632 0.22935]
 [0.00000 0.00000 0.00000 1.00000]]
rpy
[3.00651 -0.09603 -2.13906]
Gripper:
{
    "close": true,
    "shape_path": "./blue2"
}
Controller:
{
    "type": "cart",
    "Kp": "[ 8  8  8 10 10 10]"
}
Trajectory:
{
    "type": "cart",
    "source": "rtb",
    "t": {
        "t0": 0.0,
        "t1": 1.0,
        "Ts": 0.05,
        "t_len": 21
    }
}
Tolerance:
[[0.00500]
 [0.10000]]
End-Effector is close to target 2
Target:
[[0.00000 0.00000 -1.00000 -0.50000]
 [1.00000 0.00000 0.00000 0.00000]
 [0.00000 -1.00000 0.00000 0.75000]
 [0.00000 0.00000 0.00000 1.00000]]
rpy
[-1.57080 -0.00000 1.57080]
Gripper:
{
    "close": false,
    "shape_path": "./blue2"
}
Controller:
{
    "type": "cart",
    "Kp": "[ 8  8  8 10 10 10]"
}
Trajectory:
{
    "type": "joint",
    "source": "rtb",
    "t": {
        "t0": 0.0,
        "t1": 10.0,
        "Ts": 0.05,
        "t_len": 201
    }
}
Tolerance:
[[0.00500]
 [0.10000]]
End-Effector is close to target 3
========== ID: 9__Color: red ============
---------- Object to camera ------------
---------- r ------------
Estimated:
[-3.14159 0.00000 -1.92643]
Real:
[3.14118 0.00961 -1.93510]
Error:
13.157790666308971
---------- t ------------
Estimated:
[0.30399 0.19686 1.27946]
Real:
[0.29721 0.19304 1.24970]
Error:
0.00031539352682208923
---------- Object to world ------------
---------- r ------------
Estimated:
[0.00000 -0.00000 1.92643]
Real:
[-0.00041 -0.00961 1.93510]
Error:
5.58743980430531e-05
---------- t ------------
Estimated:
[0.90399 -0.19686 0.22054]
Real:
[0.89721 -0.19304 0.25030]
Error:
0.00031539352682206673
Target:
[[-0.34819 0.93742 -0.00103 0.90399]
 [0.93742 0.34819 0.00120 -0.19686]
 [0.00149 -0.00055 -1.00000 0.37054]
 [0.00000 0.00000 0.00000 1.00000]]
rpy
[-3.14105 -0.00149 1.92643]
Gripper:
{
    "close": null,
    "shape_path": null
}
Controller:
{
    "type": "cart",
    "Kp": "[ 8  8  8 10 10 10]"
}
Trajectory:
{
    "type": "joint",
    "source": "rtb",
    "t": {
        "t0": 0.0,
        "t1": 10.0,
        "Ts": 0.05,
        "t_len": 201
    }
}
Tolerance:
[[0.00500]
 [0.10000]]
Target:
[[-0.34819 0.93742 -0.00103 0.90399]
 [0.93742 0.34819 0.00120 -0.19686]
 [0.00149 -0.00055 -1.00000 0.22054]
 [0.00000 0.00000 0.00000 1.00000]]
rpy
[-3.14105 -0.00149 1.92643]
Gripper:
{
    "close": true,
    "shape_path": "./red9"
}
Controller:
{
    "type": "cart",
    "Kp": "[ 8  8  8 10 10 10]"
}
Trajectory:
{
    "type": "cart",
    "source": "rtb",
    "t": {
        "t0": 0.0,
        "t1": 1.0,
        "Ts": 0.05,
        "t_len": 21
    }
}
Tolerance:
[[0.00500]
 [0.10000]]
========== ID: 9__Color: red ============
---------- Object to camera ------------
---------- r ------------
Estimated:
[2.77764 -0.37281 -1.87370]
Real:
[3.14124 0.00960 -1.93633]
Error:
0.09412364286745815
---------- t ------------
Estimated:
[0.30597 0.19839 1.29012]
Real:
[0.29720 0.19305 1.24970]
Error:
0.0005796552926155111
---------- Object to world ------------
---------- r ------------
Estimated:
[-0.36395 0.37281 1.87370]
Real:
[-0.00035 -0.00960 1.93633]
Error:
0.09412364286746487
---------- t ------------
Estimated:
[0.90597 -0.19839 0.20988]
Real:
[0.89720 -0.19305 0.25030]
Error:
0.0005796552926155
Target:
[[-0.27846 0.85352 0.44042 0.90597]
 [0.88923 0.40239 -0.21759 -0.19839]
 [-0.36294 0.33104 -0.87102 0.35988]
 [0.00000 0.00000 0.00000 1.00000]]
rpy
[2.77839 0.37142 1.87427]
Gripper:
{
    "close": null,
    "shape_path": null
}
Controller:
{
    "type": "cart",
    "Kp": "[ 8  8  8 10 10 10]"
}
Trajectory:
{
    "type": "joint",
    "source": "rtb",
    "t": {
        "t0": 0.0,
        "t1": 10.0,
        "Ts": 0.05,
        "t_len": 201
    }
}
Tolerance:
[[0.00500]
 [0.10000]]
Target:
[[-0.27846 0.85352 0.44042 0.90597]
 [0.88923 0.40239 -0.21759 -0.19839]
 [-0.36294 0.33104 -0.87102 0.20988]
 [0.00000 0.00000 0.00000 1.00000]]
rpy
[2.77839 0.37142 1.87427]
Gripper:
{
    "close": true,
    "shape_path": "./red9"
}
Controller:
{
    "type": "cart",
    "Kp": "[ 8  8  8 10 10 10]"
}
Trajectory:
{
    "type": "cart",
    "source": "rtb",
    "t": {
        "t0": 0.0,
        "t1": 1.0,
        "Ts": 0.05,
        "t_len": 21
    }
}
Tolerance:
[[0.00500]
 [0.10000]]
Target:
[[0.00000 0.00000 -1.00000 -0.50000]
 [1.00000 0.00000 0.00000 -0.60000]
 [0.00000 -1.00000 0.00000 0.75000]
 [0.00000 0.00000 0.00000 1.00000]]
rpy
[-1.57080 -0.00000 1.57080]
Gripper:
{
    "close": false,
    "shape_path": "./red9"
}
Controller:
{
    "type": "cart",
    "Kp": "[ 8  8  8 10 10 10]"
}
Trajectory:
{
    "type": "joint",
    "source": "rtb",
    "t": {
        "t0": 0.0,
        "t1": 10.0,
        "Ts": 0.05,
        "t_len": 201
    }
}
Tolerance:
[[0.00500]
 [0.10000]]
End-Effector is close to target 3
========== ID: 4__Color: red ============
---------- Object to camera ------------
---------- r ------------
Estimated:
[3.13070 0.09152 2.95100]
Real:
[-3.14145 0.05927 2.95883]
Error:
13.1136668117039
---------- t ------------
Estimated:
[0.30209 -0.03851 1.26845]
Real:
[0.29836 -0.03728 1.24853]
Error:
0.0001373343452038783
---------- Object to world ------------
---------- r ------------
Estimated:
[-0.01089 -0.09152 -2.95100]
Real:
[0.00014 -0.05927 -2.95883]
Error:
0.00040776549629120955
---------- t ------------
Estimated:
[0.90209 0.03851 0.23155]
Real:
[0.89836 0.03728 0.25147]
Error:
0.0001373343452038457
Target:
[[-0.97765 -0.18850 -0.09315 0.90209]
 [-0.18864 0.98202 -0.00744 0.03851]
 [0.09288 0.01030 -0.99562 0.38155]
 [0.00000 0.00000 0.00000 1.00000]]
rpy
[3.13125 -0.09301 -2.95098]
Gripper:
{
    "close": null,
    "shape_path": null
}
Controller:
{
    "type": "cart",
    "Kp": "[ 8  8  8 10 10 10]"
}
Trajectory:
{
    "type": "joint",
    "source": "rtb",
    "t": {
        "t0": 0.0,
        "t1": 10.0,
        "Ts": 0.05,
        "t_len": 201
    }
}
Tolerance:
[[0.00500]
 [0.10000]]
Target:
[[-0.97765 -0.18850 -0.09315 0.90209]
 [-0.18864 0.98202 -0.00744 0.03851]
 [0.09288 0.01030 -0.99562 0.23155]
 [0.00000 0.00000 0.00000 1.00000]]
rpy
[3.13125 -0.09301 -2.95098]
Gripper:
{
    "close": true,
    "shape_path": "./red4"
}
Controller:
{
    "type": "cart",
    "Kp": "[ 8  8  8 10 10 10]"
}
Trajectory:
{
    "type": "cart",
    "source": "rtb",
    "t": {
        "t0": 0.0,
        "t1": 1.0,
        "Ts": 0.05,
        "t_len": 21
    }
}
Tolerance:
[[0.00500]
 [0.10000]]
Simulation stopped
